count=10
min=9.626306
max=12.872652
avg=10.353960
